2



8 7
3 4
3 4
3 4
3 4
3 4
3 4
3 4
3 5
0 1 100
1 2 100
2 3 100
3 4 100
4 5 100
5 6 100
6 7 100

8 7
3 4
3 4
3 4
3 4
3 4
3 4
3 4
3 5
0 1 100
1 2 100
2 3 100
3 4 100
4 5 100
5 6 100
6 7 100

4 3
3 4
3 4
3 4
3 4
0 1 100
1 2 100
2 3 100

8 8
4 2048
4 2048
4 2048
4 2048
4 2048
4 2048
4 2048
4 2048
0 1 100
1 2 100
1 3 100
2 4 100
3 5 100
4 6 100
5 6 100
6 7 100




/**
===========说明============
第一行给出整数T，表示当前文件有多少个模板
下面T组模板
对于每组模板，首先给出两个整数n、m，分别表示节点数（VM）和边数（流量通路）；接下来n行（第0行~第n-1行），每行两个整数C和M，分别表示第i个虚拟机占用的cpu资源和内存资源；接下来m行，每行三个整数u、v、B,分别表示流量通路的两个端点和该通路所申请的流量资源。



*/